      0/99     2.89G   0.07971    0.0194         0   0.09911         3       640         0         0         0         0   0.09903   0.01988         0
      1/99     3.34G   0.08024   0.01723         0   0.09748         4       640   0.02484   0.09091  0.002375 0.0004751   0.09517   0.01768         0
      2/99     3.34G   0.07517   0.01497         0   0.09014         4       640    0.1245   0.09091   0.01275  0.001275   0.08921   0.01625         0
      3/99     3.34G   0.07198   0.01301         0   0.08499         4       640   0.01238    0.1818  0.002358 0.0003222   0.09274   0.01304         0
      4/99     3.34G   0.07254   0.01131         0   0.08385         2       640    0.0193   0.09091  0.002778  0.001289   0.08287   0.01332         0
      5/99     3.34G   0.07091   0.01077         0   0.08167         4       640    0.0795    0.1818   0.01495  0.003379   0.08761   0.01135         0
      6/99     3.34G   0.06652  0.009272         0   0.07579         2       640   0.03478   0.09091  0.003765 0.0003809   0.08421   0.01099         0
      7/99     3.34G   0.06652  0.008893         0   0.07541         4       640  0.002198    0.4545  0.001247 0.0001631   0.09111  0.009441         0
      8/99     3.34G   0.06648  0.008482         0   0.07497         8       640  0.002684    0.3636  0.001415 0.0002319   0.08633  0.009473         0
      9/99     3.34G    0.0663  0.009546         0   0.07584         6       640  0.008295   0.09091  0.001666 0.0005669   0.07469   0.01046         0
     10/99     3.34G   0.06482  0.007946         0   0.07277         1       640   0.02822    0.4545   0.01475  0.003233   0.09294  0.007706         0
     11/99     3.34G    0.0658  0.007986         0   0.07379         6       640    0.4724    0.1818   0.09586   0.04984   0.08171  0.008507         0
     12/99     3.34G    0.0609  0.007658         0   0.06856         4       640    0.2968    0.2727    0.1642   0.03029   0.07672  0.008811         0
     13/99     3.34G   0.06476  0.007445         0    0.0722         7       640    0.1867    0.2516   0.07504   0.02641   0.06907   0.00989         0
     14/99     3.34G   0.06059   0.00752         0   0.06811         3       640    0.1827    0.3263    0.1074   0.02754   0.06222   0.01051         0
     15/99     3.34G   0.05808  0.006532         0   0.06461         3       640    0.2714    0.4545    0.2689   0.06316   0.06171   0.01037         0
     16/99     3.34G   0.05755  0.007207         0   0.06476         6       640    0.1848    0.5455    0.1255   0.03369   0.06942  0.009317         0
     17/99     3.34G   0.06256  0.006718         0   0.06928         7       640   0.03794    0.1818   0.01956  0.007432    0.0748  0.008714         0
     18/99     3.34G    0.0609   0.00697         0   0.06787         6       640    0.5499    0.3636     0.302    0.1216   0.06436  0.009703         0
     19/99     3.34G   0.05862  0.006958         0   0.06557         4       640     0.764    0.5914    0.6114     0.128   0.05962  0.009918         0
     20/99     3.34G   0.05519  0.006723         0   0.06191         7       640    0.4904    0.7273    0.4782    0.1169   0.05974  0.009804         0
     21/99     3.34G   0.05324  0.007872         0   0.06111        11       640    0.5268    0.6364    0.4907    0.1443   0.07067  0.008216         0
     22/99     3.34G   0.05095  0.007734         0   0.05868         3       640   0.06073   0.08834   0.02347  0.009137    0.0736  0.007985         0
     23/99     3.34G   0.05489  0.008078         0   0.06297        17       640    0.7292    0.4545    0.4813    0.1896   0.05841  0.009733         0
     24/99     3.34G   0.05327  0.007872         0   0.06115         8       640      0.32    0.2727    0.1516   0.04749   0.06118  0.009497         0
     25/99     3.34G   0.05158  0.007184         0   0.05876         7       640     0.831    0.4483    0.5406    0.2217   0.05931  0.009717         0
     26/99     3.34G   0.05423  0.007152         0   0.06139         5       640    0.5772    0.3636    0.4656    0.1582   0.06316  0.009082         0
     27/99     3.34G   0.05647  0.006333         0    0.0628         3       640    0.3869    0.6364    0.3983    0.1179   0.06183  0.009242         0
     28/99     3.34G   0.05106  0.006709         0   0.05777         3       640   0.09157    0.5455   0.05773   0.01354   0.06336  0.009195         0
     29/99     3.34G   0.05687   0.00725         0   0.06412        11       640    0.4191    0.2727    0.2556   0.05444    0.0567   0.01001         0
     30/99     3.34G   0.05934  0.006284         0   0.06563         7       640    0.9967    0.3636    0.5143    0.2026   0.06328  0.008828         0
     31/99     3.34G   0.05282  0.006419         0   0.05924         6       640     0.664    0.5455    0.4669    0.1999   0.06508  0.008564         0
     32/99     3.34G   0.05377  0.006371         0   0.06014         5       640    0.5347    0.6275    0.4379   0.08474   0.06703  0.008482         0
     33/99     3.34G   0.05413  0.006434         0   0.06056         4       640    0.6367    0.3636      0.38    0.1436    0.0702  0.008212         0
     34/99     3.34G   0.05482  0.006067         0   0.06089         1       640    0.3549    0.4545    0.1949   0.07095    0.0647  0.009085         0
     35/99     3.34G   0.05517  0.006454         0   0.06162         3       640     0.581    0.5455    0.4261    0.1795    0.0643  0.009049         0
     36/99     3.34G   0.05334  0.007054         0   0.06039         7       640    0.4902    0.5455    0.3688    0.1413   0.05682  0.009939         0
     37/99     3.34G   0.04968  0.007751         0   0.05743         6       640    0.5808    0.5455    0.4494     0.195   0.05454   0.01029         0
     38/99     3.34G   0.04885  0.006676         0   0.05553         7       640    0.5999    0.6364    0.5237    0.2781   0.05585   0.01009         0
     39/99     3.34G   0.05006  0.007389         0   0.05744        10       640    0.1227    0.2727   0.06066   0.01612     0.066  0.008955         0
     40/99     3.34G   0.05108  0.006671         0   0.05775        10       640     0.612    0.3636    0.3622    0.0699   0.05973   0.00967         0
     41/99     3.34G   0.04801  0.006449         0   0.05446         3       640    0.6649    0.5455    0.6111    0.3366   0.05784  0.009766         0
     42/99     3.34G   0.04728  0.006956         0   0.05424         5       640    0.6796    0.7273    0.6326    0.3266   0.05953  0.009505         0
     43/99     3.34G   0.04358  0.007284         0   0.05086         7       640    0.9531    0.6364    0.7028    0.3196   0.06045  0.008851         0
     44/99     3.34G   0.04548  0.007521         0     0.053        10       640    0.4165    0.7145    0.5157    0.1538   0.06083  0.008745         0
     45/99     3.34G    0.0467  0.007567         0   0.05426         4       640     0.704    0.7273    0.6567    0.2441   0.05743  0.009114         0
     46/99     3.34G   0.04546  0.007477         0   0.05294         4       640    0.5324    0.7247    0.5274    0.1884    0.0602  0.008671         0
     47/99     3.34G   0.04157  0.007776         0   0.04935         8       640     0.661    0.7273    0.5516    0.2188   0.05898  0.008692         0
     48/99     3.34G   0.04271   0.00724         0   0.04995         2       640    0.6565    0.7273    0.6454     0.253   0.05651   0.00891         0
     49/99     3.34G   0.04027  0.008065         0   0.04833         6       640       0.6    0.8181    0.6173     0.236   0.05455  0.009145         0
     50/99     3.34G   0.04367  0.007532         0    0.0512        14       640    0.8598    0.6364    0.6925    0.4795   0.04997  0.009518         0
     51/99     3.34G   0.04337  0.008084         0   0.05145         6       640    0.8747    0.6349    0.6996     0.504   0.04966  0.009402         0
     52/99     3.34G   0.04259  0.007819         0   0.05041         6       640    0.8742    0.6364    0.7234    0.3575   0.05183  0.009319         0
     53/99     3.34G   0.04251   0.00696         0   0.04947        11       640    0.9984    0.5455    0.7144     0.399   0.04986   0.00952         0
     54/99     3.34G   0.04017  0.007596         0   0.04776         7       640    0.7255    0.7273    0.7095    0.4148   0.05169   0.00904         0
     55/99     3.34G   0.04063  0.006715         0   0.04735         4       640    0.7956    0.7273    0.7409    0.5022   0.05104  0.008941         0
     56/99     3.34G   0.03839  0.006428         0   0.04482         2       640    0.7247    0.7273    0.7357     0.371   0.05247  0.008795         0
     57/99     3.34G   0.03896    0.0068         0   0.04576         6       640         1     0.632    0.7544    0.3556   0.05195   0.00882         0
     58/99     3.34G   0.04097  0.007883         0   0.04885        12       640    0.9971    0.6364    0.7673    0.4338   0.04905  0.009069         0
     59/99     3.34G   0.03457  0.007497         0   0.04206         6       640    0.9945    0.6364     0.769     0.436   0.05196  0.008635         0
     60/99     3.34G   0.04053  0.006646         0   0.04718         4       640    0.9997    0.6364    0.7861    0.4644   0.04988  0.008737         0
     61/99     3.34G    0.0429  0.006931         0   0.04983         2       640         1    0.7268    0.8004    0.3496   0.05176  0.008529         0
     62/99     3.34G   0.03832  0.006742         0   0.04506         6       640    0.8993    0.8123    0.8145    0.5053   0.04906  0.008702         0
     63/99     3.34G   0.03562  0.006644         0   0.04226         5       640    0.9894    0.7273    0.8074    0.4764    0.0497  0.008642         0
     64/99     3.34G   0.03802  0.006976         0     0.045         5       640    0.9972    0.7273    0.8131    0.4077   0.04891  0.008645         0
     65/99     3.34G   0.03944  0.007745         0   0.04719         8       640    0.9965    0.7273    0.8121    0.4697   0.04749  0.008725         0
     66/99     3.34G   0.03673  0.006718         0   0.04345         8       640    0.8998    0.8163    0.8184    0.4791   0.04897  0.008694         0
     67/99     3.34G   0.03322  0.007262         0   0.04049         6       640       0.9     0.818    0.8179    0.4882   0.04726  0.008846         0
     68/99     3.34G   0.03608  0.007562         0   0.04365         4       640     0.897    0.8182    0.8084    0.5237   0.04593  0.008761         0
     69/99     3.34G   0.03386  0.007654         0   0.04151        11       640    0.8953    0.8182    0.8149     0.499   0.04602  0.008706         0
     70/99     3.34G   0.03389  0.007335         0   0.04123         5       640    0.8999    0.8174    0.8116    0.4997   0.04752  0.008757         0
     71/99     3.34G   0.03339  0.007427         0   0.04082         5       640    0.9991    0.7273    0.8148    0.4933   0.04768  0.008577         0
     72/99     3.34G   0.03272  0.006884         0    0.0396         7       640    0.9983    0.7273    0.8045    0.5068   0.04672  0.008617         0
     73/99     3.34G   0.03281   0.00721         0   0.04002         8       640    0.8999    0.8175     0.799    0.5315   0.04646  0.008408         0
     74/99     3.34G   0.03075  0.007634         0   0.03838         3       640       0.9    0.8178    0.7995    0.5408    0.0461  0.008324         0
     75/99     3.34G   0.03234  0.007188         0   0.03953         8       640       0.9    0.8178    0.8015    0.5808   0.04442   0.00839         0
     76/99     3.34G   0.03227   0.00728         0   0.03955         7       640    0.8168    0.8182     0.766    0.5642   0.04475  0.008372         0
     77/99     3.34G   0.03094  0.006516         0   0.03745         9       640     0.818    0.8174    0.7642    0.5704   0.04482  0.008298         0
     78/99     3.34G   0.03112  0.006946         0   0.03806         2       640     0.818    0.8173    0.7839    0.5713   0.04481  0.008283         0
     79/99     3.34G   0.03493  0.007187         0   0.04212         4       640    0.9972    0.7273    0.8125    0.5674    0.0452  0.008237         0
     80/99     3.34G    0.0329  0.006976         0   0.03987         5       640    0.9998    0.7273    0.8052    0.6013   0.04423  0.008214         0
     81/99     3.34G   0.03334  0.007002         0   0.04034         7       640    0.9997    0.7273    0.8082    0.5895   0.04468  0.008197         0
     82/99     3.34G     0.033  0.006969         0   0.03997         9       640    0.9988    0.7273     0.812    0.6013   0.04481  0.008108         0
     83/99     3.34G   0.03306  0.007571         0   0.04063         5       640    0.9997    0.7273    0.8129    0.5957   0.04451  0.008064         0
     84/99     3.34G   0.02945  0.007195         0   0.03664         9       640         1    0.7273    0.8013    0.5985   0.04468  0.008039         0
     85/99     3.34G   0.03264  0.006964         0   0.03961         2       640    0.9997    0.7273    0.8012    0.5865   0.04445  0.007997         0
     86/99     3.34G   0.02775  0.006458         0    0.0342         2       640    0.9992    0.7273    0.8066    0.5882   0.04458    0.0079         0
     87/99     3.34G   0.03039   0.00632         0   0.03671         3       640    0.9994    0.7273    0.8127    0.5792   0.04359  0.007939         0
     88/99     3.34G    0.0304  0.007274         0   0.03767         7       640    0.9994    0.7273    0.8133    0.5807   0.04355  0.007943         0
     89/99     3.34G   0.02831  0.006612         0   0.03492         2       640    0.9995    0.7273    0.8118    0.5581   0.04333  0.007986         0
     90/99     3.34G   0.02997  0.006696         0   0.03667         6       640    0.9996    0.7273    0.8198    0.5734   0.04263  0.008008         0
     91/99     3.34G   0.02923  0.006652         0   0.03588         7       640    0.9992    0.7273    0.8157     0.548   0.04339  0.007988         0
     92/99     3.34G   0.02932  0.006319         0   0.03564         3       640    0.9997    0.7273    0.8164    0.5195    0.0438  0.007945         0
     93/99     3.34G   0.02849  0.006691         0   0.03518         6       640     0.899    0.8182    0.8291    0.5178   0.04395  0.007899         0
     94/99     3.34G   0.02827  0.006888         0   0.03516         3       640    0.9994    0.7273    0.8297    0.5354   0.04343  0.007885         0
     95/99     3.34G   0.02888  0.007859         0   0.03674        11       640         1    0.7273    0.8315    0.5409   0.04325  0.007854         0
     96/99     3.34G   0.03191  0.007428         0   0.03934        11       640    0.9992    0.7273     0.823    0.5268   0.04392  0.007745         0
     97/99     3.34G   0.02992  0.006241         0   0.03616         3       640    0.9998    0.7273    0.8219    0.5392     0.044  0.007725         0
     98/99     3.34G   0.02938  0.006253         0   0.03563         6       640    0.9997    0.7273    0.8298    0.5332   0.04433  0.007677         0
     99/99     3.34G   0.02866  0.007016         0   0.03567         9       640    0.9998    0.7273    0.8364     0.542   0.04441  0.007618         0
